H	tol	max_s	iter_goal	Total Time (s)
[1,3]	0.001	0.1	2	4.5282
[1,3]	0.001	0.1	3	4.5394
[1,3]	0.001	0.1	4	4.5318
[1,3]	0.001	0.5	2	0.9980
[1,3]	0.001	0.5	3	0.9940
[1,3]	0.001	0.5	4	0.9990
[1,3]	0.001	1.0	2	0.5610
[1,3]	0.001	1.0	3	1.1040
[1,3]	0.001	1.0	4	0.5594
[1,3]	1e-06	0.1	2	6.2991
[1,3]	1e-06	0.1	3	6.2700
[1,3]	1e-06	0.1	4	6.2650
[1,3]	1e-06	0.5	2	1.3740
[1,3]	1e-06	0.5	3	1.3190
[1,3]	1e-06	0.5	4	1.3060
[1,3]	1e-06	1.0	2	0.8070
[1,3]	1e-06	1.0	3	2.1500
[1,3]	1e-06	1.0	4	1.4210
[1,3]	1e-09	0.1	2	6.8900
[1,3]	1e-09	0.1	3	6.5540
[1,3]	1e-09	0.1	4	6.5420
[1,3]	1e-09	0.5	2	3.0948
[1,3]	1e-09	0.5	3	2.1001
[1,3]	1e-09	0.5	4	2.0814
[1,3]	1e-09	1.0	2	2.7710
[1,3]	1e-09	1.0	3	1.0820
[1,3]	1e-09	1.0	4	1.0710
[1,3,5]	0.001	0.1	2	7.6756
[1,3,5]	0.001	0.1	3	7.6532
[1,3,5]	0.001	0.1	4	7.6510
[1,3,5]	0.001	0.5	2	1.6670
[1,3,5]	0.001	0.5	3	1.6670
[1,3,5]	0.001	0.5	4	1.6670
[1,3,5]	0.001	1.0	2	0.9230
[1,3,5]	0.001	1.0	3	0.9170
[1,3,5]	0.001	1.0	4	0.9260
[1,3,5]	1e-06	0.1	2	10.5148
[1,3,5]	1e-06	0.1	3	10.5174
[1,3,5]	1e-06	0.1	4	10.5100
[1,3,5]	1e-06	0.5	2	2.2360
[1,3,5]	1e-06	0.5	3	2.1680
[1,3,5]	1e-06	0.5	4	2.1660
[1,3,5]	1e-06	1.0	2	1.2430
[1,3,5]	1e-06	1.0	3	1.1570
[1,3,5]	1e-06	1.0	4	1.1340
[1,3,5]	1e-09	0.1	2	11.1507
[1,3,5]	1e-09	0.1	3	10.7815
[1,3,5]	1e-09	0.1	4	10.8046
[1,3,5]	1e-09	0.5	2	4.5357
[1,3,5]	1e-09	0.5	3	3.4160
[1,3,5]	1e-09	0.5	4	3.4103
[1,3,5]	1e-09	1.0	2	3.9930
[1,3,5]	1e-09	1.0	3	1.7660
[1,3,5]	1e-09	1.0	4	1.7620
[1,3,5,7]	0.001	0.1	2	10.9712
[1,3,5,7]	0.001	0.1	3	10.9410
[1,3,5,7]	0.001	0.1	4	10.9892
[1,3,5,7]	0.001	0.5	2	2.3810
[1,3,5,7]	0.001	0.5	3	2.3730
[1,3,5,7]	0.001	0.5	4	2.3750
[1,3,5,7]	0.001	1.0	2	1.3080
[1,3,5,7]	0.001	1.0	3	1.3040
[1,3,5,7]	0.001	1.0	4	1.2940
[1,3,5,7]	1e-06	0.1	2	15.0342
[1,3,5,7]	1e-06	0.1	3	15.0670
[1,3,5,7]	1e-06	0.1	4	15.0770
[1,3,5,7]	1e-06	0.5	2	3.1580
[1,3,5,7]	1e-06	0.5	3	3.0920
[1,3,5,7]	1e-06	0.5	4	3.0910
[1,3,5,7]	1e-06	1.0	2	1.7180
[1,3,5,7]	1e-06	1.0	3	1.6280
[1,3,5,7]	1e-06	1.0	4	1.6220
[1,3,5,7]	1e-09	0.1	2	15.8384
[1,3,5,7]	1e-09	0.1	3	15.3893
[1,3,5,7]	1e-09	0.1	4	15.4074
[1,3,5,7]	1e-09	0.5	2	5.1348
[1,3,5,7]	1e-09	0.5	3	3.9300
[1,3,5,7]	1e-09	0.5	4	3.9190
[1,3,5,7]	1e-09	1.0	2	5.2190
[1,3,5,7]	1e-09	1.0	3	2.5240
[1,3,5,7]	1e-09	1.0	4	2.4950
[1,3,5,7,9]	0.001	0.1	2	14.5425
[1,3,5,7,9]	0.001	0.1	3	14.5640
[1,3,5,7,9]	0.001	0.1	4	14.5800
[1,3,5,7,9]	0.001	0.5	2	3.1620
[1,3,5,7,9]	0.001	0.5	3	3.1420
[1,3,5,7,9]	0.001	0.5	4	3.1480
[1,3,5,7,9]	0.001	1.0	2	1.7270
[1,3,5,7,9]	0.001	1.0	3	1.7290
[1,3,5,7,9]	0.001	1.0	4	1.7280
[1,3,5,7,9]	1e-06	0.1	2	19.9664
[1,3,5,7,9]	1e-06	0.1	3	19.9607
[1,3,5,7,9]	1e-06	0.1	4	19.9572
[1,3,5,7,9]	1e-06	0.5	2	4.1330
[1,3,5,7,9]	1e-06	0.5	3	4.0771
[1,3,5,7,9]	1e-06	0.5	4	4.0716
[1,3,5,7,9]	1e-06	1.0	2	2.2210
[1,3,5,7,9]	1e-06	1.0	3	2.1190
[1,3,5,7,9]	1e-06	1.0	4	2.1150
[1,3,5,7,9]	1e-09	0.1	2	20.7380
[1,3,5,7,9]	1e-09	0.1	3	20.4280
[1,3,5,7,9]	1e-09	0.1	4	20.3918
[1,3,5,7,9]	1e-09	0.5	2	6.2799
[1,3,5,7,9]	1e-09	0.5	3	5.0139
[1,3,5,7,9]	1e-09	0.5	4	4.9909
[1,3,5,7,9]	1e-09	1.0	2	5.4189
[1,3,5,7,9]	1e-09	1.0	3	3.3160
[1,3,5,7,9]	1e-09	1.0	4	3.2940
[1,3,5,7,9,11,13]	0.001	0.1	2	24.5697
[1,3,5,7,9,11,13]	0.001	0.1	3	24.9077
[1,3,5,7,9,11,13]	0.001	0.1	4	24.8997
[1,3,5,7,9,11,13]	0.001	0.5	2	5.4209
[1,3,5,7,9,11,13]	0.001	0.5	3	5.4689
[1,3,5,7,9,11,13]	0.001	0.5	4	5.3619
[1,3,5,7,9,11,13]	0.001	1.0	2	2.9630
[1,3,5,7,9,11,13]	0.001	1.0	3	2.9770
[1,3,5,7,9,11,13]	0.001	1.0	4	2.8940
[1,3,5,7,9,11,13]	1e-06	0.1	2	33.9736
[1,3,5,7,9,11,13]	1e-06	0.1	3	33.9346
[1,3,5,7,9,11,13]	1e-06	0.1	4	33.7617
[1,3,5,7,9,11,13]	1e-06	0.5	2	7.0649
[1,3,5,7,9,11,13]	1e-06	0.5	3	6.9829
[1,3,5,7,9,11,13]	1e-06	0.5	4	6.9249
[1,3,5,7,9,11,13]	1e-06	1.0	2	3.7130
[1,3,5,7,9,11,13]	1e-06	1.0	3	3.4990
[1,3,5,7,9,11,13]	1e-06	1.0	4	3.5120
[1,3,5,7,9,11,13]	1e-09	0.1	2	34.9426
[1,3,5,7,9,11,13]	1e-09	0.1	3	34.5944
[1,3,5,7,9,11,13]	1e-09	0.1	4	34.4527
[1,3,5,7,9,11,13]	1e-09	0.5	2	9.6729
[1,3,5,7,9,11,13]	1e-09	0.5	3	8.1179
[1,3,5,7,9,11,13]	1e-09	0.5	4	8.1259
[1,3,5,7,9,11,13]	1e-09	1.0	2	8.1059
[1,3,5,7,9,11,13]	1e-09	1.0	3	5.6209
[1,3,5,7,9,11,13]	1e-09	1.0	4	5.6219
[1,3,5,7,9,11,13,15,17]	0.001	0.1	2	35.1367
[1,3,5,7,9,11,13,15,17]	0.001	0.1	3	35.1187
[1,3,5,7,9,11,13,15,17]	0.001	0.1	4	35.2097
[1,3,5,7,9,11,13,15,17]	0.001	0.5	2	7.5511
[1,3,5,7,9,11,13,15,17]	0.001	0.5	3	7.5309
[1,3,5,7,9,11,13,15,17]	0.001	0.5	4	7.5499
[1,3,5,7,9,11,13,15,17]	0.001	1.0	2	4.1190
[1,3,5,7,9,11,13,15,17]	0.001	1.0	3	4.0750
[1,3,5,7,9,11,13,15,17]	0.001	1.0	4	4.1580
[1,3,5,7,9,11,13,15,17]	1e-06	0.1	2	47.9206
[1,3,5,7,9,11,13,15,17]	1e-06	0.1	3	47.5798
[1,3,5,7,9,11,13,15,17]	1e-06	0.1	4	47.4437
[1,3,5,7,9,11,13,15,17]	1e-06	0.5	2	9.7859
[1,3,5,7,9,11,13,15,17]	1e-06	0.5	3	9.5689
[1,3,5,7,9,11,13,15,17]	1e-06	0.5	4	9.6889
[1,3,5,7,9,11,13,15,17]	1e-06	1.0	2	5.1080
[1,3,5,7,9,11,13,15,17]	1e-06	1.0	3	4.9230
[1,3,5,7,9,11,13,15,17]	1e-06	1.0	4	4.8920
[1,3,5,7,9,11,13,15,17]	1e-09	0.1	2	48.8307
[1,3,5,7,9,11,13,15,17]	1e-09	0.1	3	48.3104
[1,3,5,7,9,11,13,15,17]	1e-09	0.1	4	48.2577
[1,3,5,7,9,11,13,15,17]	1e-09	0.5	2	12.6659
[1,3,5,7,9,11,13,15,17]	1e-09	0.5	3	11.0689
[1,3,5,7,9,11,13,15,17]	1e-09	0.5	4	10.9529
[1,3,5,7,9,11,13,15,17]	1e-09	1.0	2	10.5649
[1,3,5,7,9,11,13,15,17]	1e-09	1.0	3	7.8470
[1,3,5,7,9,11,13,15,17]	1e-09	1.0	4	7.7480
